Employee ID: 2741
Employee Name: Peter Gibbons
Hourly Rate: 34.8
Week 03/02/26: 0.0 0.0 0.0 0.25 0.0 0.0 0.0
Week 03/09/26: 0.0 0.25 0.0 0.0 0.0 0.0 0.0
Week 03/16/26: 0.0 0.0 0.0 0.0 0.25 0.0 0.0
Week 03/23/26: 0.25 0.0 0.0 0.0 0.0 0.0 0.0
Week 03/30/26: 0.0 0.0 0.25 0.0 0.0 0.0 0.0
Week 04/06/26: 0.0 0.0 0.0 0.0 0.0 0.25 0.0
Week 04/13/26: 0.0 0.0 0.0 0.25 0.0 0.0 0.0
Week 04/20/26: 0.0 0.0 0.0 0.0 0.0 0.0 0.25
Week 04/27/26: 0.0 0.25 0.0 0.0 0.0 0.0 0.0
Week 05/04/26: 0.0 0.0 0.0 0.0 0.25 0.0 0.0
Week 05/11/26: 0.0 0.0 0.0 0.0 0.0 0.25 0.0
Week 05/18/26: 0.0 0.0 0.25 0.0 0.0 0.0 0.0
Week 05/25/26: 0.25 0.0 0.0 0.0 0.0 0.0 0.0
Week 06/01/26: 0.0 0.0 0.0 0.25 0.0 0.0 0.0
Week 06/08/26: 0.0 0.0 0.0 0.0 0.0 0.0 0.25
