Employee ID: 6674
Employee Name: Bill Lumbergh
Hourly Rate: 60.0
Week 03/02/26: 9.0 9.0 9.0 9.0 9.0 9.0 9.0
Week 03/09/26: 9.0 9.0 9.0 9.0 9.0 9.0 9.0
Week 03/16/26: 9.0 9.0 9.0 9.0 9.0 9.0 9.0
Week 03/23/26: 9.0 9.0 9.0 9.0 9.0 9.0 9.0
Week 03/30/26: 9.0 9.0 9.0 9.0 9.0 9.0 9.0
Week 04/06/26: 9.0 9.0 9.0 9.0 9.0 9.0 9.0
Week 04/13/26: 9.0 9.0 9.0 9.0 9.0 9.0 9.0
Week 04/20/26: 9.0 9.0 9.0 9.0 9.0 9.0 9.0
Week 04/27/26: 9.0 9.0 9.0 9.0 9.0 9.0 9.0
Week 05/04/26: 9.0 9.0 9.0 9.0 9.0 9.0 9.0
Week 05/11/26: 9.0 9.0 9.0 9.0 9.0 9.0 9.0
Week 05/18/26: 9.0 9.0 9.0 9.0 9.0 9.0 9.0
Week 05/25/26: 9.0 9.0 9.0 9.0 9.0 9.0 9.0
Week 06/01/26: 9.0 9.0 9.0 9.0 9.0 9.0 9.0
Week 06/08/26: 9.0 9.0 9.0 9.0 9.0 9.0 9.0
