Employee ID: 1047
Employee Name: Olivia Reed
Hourly Rate: 26.8
Week 03/02/26: 4.75 7.0 1.25 5.5 2.0 6.75 3.25
Week 03/09/26: 6.25 0.5 7.75 2.5 5.0 1.75 4.0
Week 03/16/26: 3.5 6.5 2.25 7.0 0.75 5.75 4.25
Week 03/23/26: 1.0 4.5 6.75 3.25 7.5 2.0 5.25
Week 03/30/26: 7.25 2.75 5.5 0.25 4.0 6.0 1.5
Week 04/06/26: 2.25 7.5 3.75 5.0 1.0 6.5 4.75
Week 04/13/26: 5.25 1.75 6.0 2.5 7.25 3.0 4.5
Week 04/20/26: 0.75 5.75 2.0 6.25 3.5 7.0 1.25
Week 04/27/26: 4.0 2.25 7.75 1.5 6.75 3.25 5.5
Week 05/04/26: 6.5 3.0 1.25 7.0 4.5 2.75 5.75
Week 05/11/26: 2.5 6.25 4.0 0.5 7.25 3.75 5.0
Week 05/18/26: 7.5 1.0 5.25 3.5 6.0 2.25 4.75
Week 05/25/26: 3.25 5.5 0.75 6.75 2.0 7.0 4.25
Week 06/01/26: 1.5 4.75 6.5 2.25 5.75 3.0 7.25
Week 06/08/26: 5.0 2.5 7.25 4.0 1.75 6.0 3.5
