Employee ID: 1512
Employee Name: Jill Doe
Hourly Rate: 30.4
Week 03/02/26: 7.75 1.0 5.75 0.5 7.5 8.0 6.25
Week 03/09/26: 1.0 5.75 5.75 3.0 3.5 5.5 3.5
Week 03/16/26: 4.25 7.75 6.5 7.75 4.75 3.75 4.5
Week 03/23/26: 2.5 6.25 6.5 7.75 3.5 2.25 4.5
Week 03/30/26: 4.75 6.25 0.5 2.5 5.75 5.5 0.5
Week 04/06/26: 7.0 4.5 8.0 2.0 6.25 3.5 1.75
Week 04/13/26: 0.5 0.5 6.0 6.5 4.0 5.0 7.25
Week 04/20/26: 0.75 4.0 6.75 6.25 4.75 6.75 6.75
Week 04/27/26: 7.75 5.0 1.0 2.75 6.75 4.0 7.75
Week 05/04/26: 6.5 7.75 2.25 5.75 1.25 4.0 2.5
Week 05/11/26: 2.75 5.75 5.0 6.25 6.0 5.0 6.0
Week 05/18/26: 4.0 0.75 4.25 3.75 3.75 0.75 3.25
Week 05/25/26: 2.5 4.25 0.5 5.75 7.0 5.0 3.0
Week 06/01/26: 3.25 2.0 4.25 7.0 7.75 3.75 1.75
Week 06/08/26: 3.25 7.75 0.75 4.25 4.0 5.75 6.75