Employee ID: 3184
Employee Name: Nora Patel
Hourly Rate: 40.2
Week 03/02/26: 6.0 1.5 4.25 7.75 2.5 5.0 3.75
Week 03/09/26: 3.25 6.75 0.5 5.5 2.0 7.0 4.5
Week 03/16/26: 7.25 2.25 5.75 1.0 6.5 3.5 4.0
Week 03/23/26: 1.75 5.25 7.0 2.5 6.25 4.75 3.0
Week 03/30/26: 4.5 7.5 2.0 5.0 1.25 6.75 3.25
Week 04/06/26: 2.5 4.0 6.25 1.75 7.5 3.0 5.75
Week 04/13/26: 5.5 1.0 7.25 3.75 6.0 2.25 4.5
Week 04/20/26: 0.75 6.5 3.25 7.0 1.5 5.25 4.0
Week 04/27/26: 7.75 2.0 4.75 6.25 1.25 5.5 3.5
Week 05/04/26: 3.0 5.75 1.5 7.25 4.25 6.0 2.75
Week 05/11/26: 6.75 2.5 5.0 1.0 7.5 3.25 4.75
Week 05/18/26: 4.0 7.25 2.25 5.5 0.5 6.75 3.75
Week 05/25/26: 1.25 6.0 4.5 7.75 2.0 5.25 3.0
Week 06/01/26: 5.0 3.5 6.75 1.75 7.0 2.25 4.5
Week 06/08/26: 2.0 7.5 4.25 5.75 1.5 6.25 3.0
